# Program:featureCounts v2.0.3; Command:"featureCounts" "-T" "5" "-t" "tRNA" "-g" "locus_tag" "-a" "../data/reference_sequences/FNV3_1_36A.gff" "-o" "../data/rna_align/counttable_fnv_tRNAs.txt" "../data/rna_align/ID_007556_Fnv_H2O_30_min_A.fq.gz.bam" "../data/rna_align/ID_007557_Fnv_H2O_30_min_B.fq.gz.bam" "../data/rna_align/ID_007558_Fnv_H2O_30_min_C.fq.gz.bam" "../data/rna_align/ID_007559_Fnv_PNA79_30_min_A.fq.gz.bam" "../data/rna_align/ID_007560_Fnv_PNA79_30_min_B.fq.gz.bam" "../data/rna_align/ID_007561_Fnv_PNA79_30_min_C.fq.gz.bam" "../data/rna_align/ID_007562_Fnv_PNAscr_30_min_A.fq.gz.bam" "../data/rna_align/ID_007563_Fnv_PNAscr_30_min_B.fq.gz.bam" "../data/rna_align/ID_007564_Fnv_PNAscr_30_min_C.fq.gz.bam" "../data/rna_align/ID_007574_Fnv_H2O_16_h_A.fq.gz.bam" "../data/rna_align/ID_007575_Fnv_H2O_16_h_B.fq.gz.bam" "../data/rna_align/ID_007576_Fnv_H2O_16_h_C.fq.gz.bam" "../data/rna_align/ID_007577_Fnv_PNA79_16_h_A.fq.gz.bam" "../data/rna_align/ID_007578_Fnv_PNA79_16_h_B.fq.gz.bam" "../data/rna_align/ID_007579_Fnv_PNA79_16_h_C.fq.gz.bam" "../data/rna_align/ID_007580_Fnv_PNAscr_16_h_A.fq.gz.bam" "../data/rna_align/ID_007581_Fnv_PNAscr_16_h_B.fq.gz.bam" "../data/rna_align/ID_007582_Fnv_PNAscr_16_h_C.fq.gz.bam" 
Geneid	Chr	Start	End	Strand	Length	../data/rna_align/ID_007556_Fnv_H2O_30_min_A.fq.gz.bam	../data/rna_align/ID_007557_Fnv_H2O_30_min_B.fq.gz.bam	../data/rna_align/ID_007558_Fnv_H2O_30_min_C.fq.gz.bam	../data/rna_align/ID_007559_Fnv_PNA79_30_min_A.fq.gz.bam	../data/rna_align/ID_007560_Fnv_PNA79_30_min_B.fq.gz.bam	../data/rna_align/ID_007561_Fnv_PNA79_30_min_C.fq.gz.bam	../data/rna_align/ID_007562_Fnv_PNAscr_30_min_A.fq.gz.bam	../data/rna_align/ID_007563_Fnv_PNAscr_30_min_B.fq.gz.bam	../data/rna_align/ID_007564_Fnv_PNAscr_30_min_C.fq.gz.bam	../data/rna_align/ID_007574_Fnv_H2O_16_h_A.fq.gz.bam	../data/rna_align/ID_007575_Fnv_H2O_16_h_B.fq.gz.bam	../data/rna_align/ID_007576_Fnv_H2O_16_h_C.fq.gz.bam	../data/rna_align/ID_007577_Fnv_PNA79_16_h_A.fq.gz.bam	../data/rna_align/ID_007578_Fnv_PNA79_16_h_B.fq.gz.bam	../data/rna_align/ID_007579_Fnv_PNA79_16_h_C.fq.gz.bam	../data/rna_align/ID_007580_Fnv_PNAscr_16_h_A.fq.gz.bam	../data/rna_align/ID_007581_Fnv_PNAscr_16_h_B.fq.gz.bam	../data/rna_align/ID_007582_Fnv_PNAscr_16_h_C.fq.gz.bam
HMPREF0946_RS00700	NC_022196.1	145609	145684	+	76	30587	16307	37181	17618	14037	23687	13441	15253	3859	35124	69180	107319	46256	32366	46728	77482	45493	66817
HMPREF0946_RS00705	NC_022196.1	145695	145771	+	77	71806	33030	83612	47390	38361	61605	36546	39497	30319	52346	113106	150123	82870	48419	70432	140225	76997	117422
HMPREF0946_RS00710	NC_022196.1	145789	145864	+	76	8418	5452	7871	9308	7001	10677	5873	7413	7128	412	857	967	701	458	794	1049	958	803
HMPREF0946_RS00715	NC_022196.1	145881	145954	+	74	2938	1570	3457	1940	1601	2769	1523	1587	1400	1713	1553	4038	1437	954	1546	1557	1006	1281
HMPREF0946_RS00720	NC_022196.1	146006	146081	+	76	27850	13899	31792	18062	15114	24032	13302	15895	5953	20862	40156	59003	29410	17994	25442	44701	25099	38362
HMPREF0946_RS00725	NC_022196.1	146089	146164	+	76	841	401	934	670	506	805	439	461	122	451	803	1012	599	440	670	1002	704	777
HMPREF0946_RS00730	NC_022196.1	146172	146246	+	75	17672	8570	14120	14735	12269	16619	10927	12686	10198	9216	12945	17976	11026	5668	9456	15408	9433	11906
HMPREF0946_RS00735	NC_022196.1	146251	146326	+	76	64	15	97	79	116	53	35	28	17	101	310	939	134	96	91	98	61	191
HMPREF0946_RS00740	NC_022196.1	146337	146413	+	77	1928	765	1663	1150	1253	1368	1014	1052	987	694	1680	2936	1093	560	949	1930	913	1479
HMPREF0946_RS00745	NC_022196.1	146422	146497	+	76	17779	10294	20457	10460	8491	14509	7538	8823	1526	16903	30558	48505	22190	15017	22849	36724	25456	30782
HMPREF0946_RS00750	NC_022196.1	146513	146596	+	84	7083	4401	7993	5189	4301	6687	3423	3648	4448	10208	12728	19711	10024	6198	9444	15699	11134	12729
HMPREF0946_RS00755	NC_022196.1	146618	146693	+	76	3597	1861	4391	2460	2053	3473	1866	2150	1519	3084	5933	8863	4376	2773	3677	6241	3769	5569
HMPREF0946_RS00760	NC_022196.1	146712	146788	+	77	78158	37865	98778	48977	40205	64707	35152	41965	22892	67809	134555	190886	91798	62205	82293	137164	75556	133232
HMPREF0946_RS00765	NC_022196.1	146793	146869	+	77	3875	2190	4565	2564	2305	3792	1837	2168	743	2761	5898	9519	4335	2675	3762	6470	3772	5897
HMPREF0946_RS00785	NC_022196.1	150713	150789	+	77	3413	1817	3783	1949	1633	2651	1422	1782	1468	3428	5157	7077	3844	2446	3365	6025	3953	5398
HMPREF0946_RS00790	NC_022196.1	150796	150870	+	75	10845	16347	20375	9627	6234	35421	4820	11141	5200	6973	13809	17796	11965	8019	10191	15587	10796	14958
HMPREF0946_RS00840	NC_022196.1	160763	160839	+	77	2625	1470	2338	1792	1805	1898	1306	1160	2181	2936	5774	5014	4659	2795	3356	3431	2526	3465
HMPREF0946_RS00845	NC_022196.1	160847	160922	+	76	681	216	582	358	391	550	326	319	228	461	1013	1257	809	413	576	1022	611	806
HMPREF0946_RS00850	NC_022196.1	160933	161008	+	76	10319	5276	12714	6631	5932	9407	4496	5679	3462	9880	16786	24646	13359	7988	9977	20708	12189	17798
HMPREF0946_RS00855	NC_022196.1	161012	161087	+	76	3839	1972	4097	2432	2138	3401	1861	2218	379	1567	3029	3288	2536	1606	2210	3871	2727	3116
HMPREF0946_RS00860	NC_022196.1	161100	161183	+	84	499	310	585	575	463	503	274	237	308	416	658	949	532	333	323	516	322	470
HMPREF0946_RS00865	NC_022196.1	161225	161299	+	75	1402	869	1440	1184	1003	1672	633	818	1094	251	347	662	324	231	259	256	196	269
HMPREF0946_RS07785	NC_022196.1	1651211	1651287	+	77	1226	614	1278	834	727	1320	653	711	542	1185	2357	4004	1787	1145	1600	3001	1701	2388
HMPREF0946_RS07920	NC_022196.1	1673429	1673512	+	84	9792	4352	9392	5752	5903	7839	4528	4977	4982	3733	5501	7712	4664	2988	3703	4507	2928	4280
HMPREF0946_RS07925	NC_022196.1	1673536	1673624	+	89	96581	49664	98835	63031	69454	89332	47629	49730	92188	38263	73330	122048	58568	33368	43373	81181	46188	74199
HMPREF0946_RS10305	NC_022196.1	2151932	2152007	+	76	295	133	224	156	156	224	139	120	299	129	246	281	229	135	166	222	128	156
HMPREF0946_RS10310	NC_022196.1	2152010	2152084	+	75	472	154	309	289	274	290	272	285	264	337	802	733	645	344	551	862	502	647
HMPREF0946_RS10315	NC_022196.1	2152102	2152186	+	85	9325	4516	9541	6533	5897	8666	5026	5194	5868	3996	4705	7132	3913	2812	3535	4362	3497	4248
HMPREF0946_RS01240	NC_022196.1	245879	245966	+	88	40162	24926	36323	40941	31786	46746	26169	31432	28936	5365	7927	9743	6778	4567	6760	8078	6496	6649
HMPREF0946_RS01245	NC_022196.1	245974	246050	+	77	28400	12579	25917	16456	14334	20446	13391	14542	6264	21923	43419	60523	29179	17738	26498	40626	23491	35353
HMPREF0946_RS01250	NC_022196.1	246075	246150	+	76	825	348	708	496	444	617	389	312	292	589	1134	1437	876	527	685	1105	726	1002
HMPREF0946_RS01255	NC_022196.1	246160	246235	+	76	747	300	627	353	290	542	294	284	67	178	529	553	389	251	358	582	315	446
HMPREF0946_RS01260	NC_022196.1	246244	246320	+	77	17151	9104	21724	11717	9614	15641	8070	9911	5050	10011	20192	31645	15293	8729	13363	25428	15767	21128
HMPREF0946_RS01265	NC_022196.1	246329	246406	+	78	1589	957	1954	1201	1018	1368	798	855	98	1427	1939	3246	1538	1126	1817	3277	2311	2406
HMPREF0946_RS01270	NC_022196.1	246422	246496	+	75	2801	1311	2314	1919	1597	2277	1624	1802	1699	1436	1766	2393	1537	790	1280	2129	1171	1624
HMPREF0946_RS01275	NC_022196.1	246498	246581	+	84	1087	620	1206	823	682	988	578	644	366	1755	2194	3800	1826	1303	2235	3206	2475	2578
HMPREF0946_RS01280	NC_022196.1	246601	246676	+	76	236	116	147	144	142	157	139	124	203	42	67	107	62	37	52	95	40	70
HMPREF0946_RS01285	NC_022196.1	246693	246768	+	76	909	475	651	502	424	470	348	302	515	412	602	877	474	319	458	564	371	540
HMPREF0946_RS01290	NC_022196.1	246778	246854	+	77	11978	5874	11443	8327	7668	10343	5271	5707	7733	1828	4040	6651	2674	1394	1905	4012	2038	3668
HMPREF0946_RS03340	NC_022196.1	708397	708472	+	76	11720	5867	14324	7691	6272	10362	5334	6412	1056	19492	28222	40794	25504	15662	18086	29791	19312	27171
HMPREF0946_RS03375	NC_022196.1	714069	714145	+	77	396	197	436	295	217	308	195	234	112	1388	981	2518	740	449	472	1116	875	1015
HMPREF0946_RS03380	NC_022196.1	714205	714281	+	77	2250	1190	2091	1109	912	1807	808	931	1441	3713	5794	6770	3693	2635	2888	4243	2478	3655
HMPREF0946_RS03385	NC_022196.1	714290	714376	+	87	2780	1382	3042	1796	1508	2571	1257	1514	1594	1847	2662	4007	1816	1114	1854	3047	2226	2534
HMPREF0946_RS10410	NC_022196.1	2171436	2171511	-	76	2378	1563	2626	2071	2200	2450	1259	1511	768	629	1379	2590	796	423	513	918	529	1003
HMPREF0946_RS10425	NC_022196.1	2174692	2174768	-	77	3721	1423	5049	3866	3813	4165	2282	2137	1620	4378	13266	16143	7181	4158	4490	6118	3660	8209
HMPREF0946_RS10430	NC_022196.1	2174772	2174848	-	77	18721	10339	21187	12659	10117	15131	8637	9623	1085	12716	24368	34309	17229	10876	14424	27062	17245	23163
HMPREF0946_RS10510	NC_022196.1	2194920	2194995	-	76	6819	2610	5537	4301	4155	4855	3518	3478	2362	3260	7415	7365	5388	2927	4401	6837	4257	6415
